1391529809 26740
1391531113 26741
1391549931 26753
1391550985 26738
1391616096 26759
1391635352 26760
1391719674 26773
1391723352 26776
1391791925 26773
1392044837 26773
1392045544 26773
1392051012 26777
1392221799 26776
1392224387 26776
1392240606 26777
1392392111 26740
1392397527 26753
1392830779 26756
1392841719 27123
1392844458 27137
1392852040 27178
1392933375 27178
1393016220 27178
1393018032 27178
1393272179 27188
1393356877 27230
1393357414 27233
1393437911 27250
1393442422 27336
1393515175 27344
1393531146 27351
1393532869 27358
1393534919 27401
1393540722 27401
1393861723 27409
1394035569 27433
1394039661 27289
1394054732 27333
1394055920 27333
1394056588 27333
1394119672 27337
1394125181 27339
1394145913 28306
1394460626 28313
1394465228 28333
1394467610 28359
1394470538 28354
1394478517 28409
1394487470 28410
1394546208 28427
1394549933 28431
1394568842 28718
1394573638 28564
1394730184 28542
1394732727 28730
1395071699 28767
1395080218 28814
1395084092 32051
1395243935 32086
1395261876 32185
1395324514 32190
1395347240 32190
1395418555 32196
1395675797 32182
1395682889 32158
1395687258 32164
1395687758 32164
1395695371 32232
1395759924 32246
1395781761 32288
1395931149 32394
1395955619 32530
1396017083 32540
1396018452 32540
1396031694 32905
1396032320 32911
1396033138 32900
1396033193 32728
1396034898 32900
1396036712 32982
1396293025 33024
1396379166 33024
1396379379 33026
1396469103 33028
1396469896 33028
1396472129 33019
1396474065 33095
1396541016 33101
1396638448 33101
1396639995 33101
1396885855 33105
1396887797 33301
1396899853 33108
1396984335 33179
1397247297 33317
1397248748 33317
1397484607 33317
1397491609 33388
1397501654 33394
1397502552 33439
1397508171 33438
1397593977 33458
1397596834 33458
1397681905 33429
1397747221 33272
1397751241 33261
1397754140 33257
1398106573 33229
1398190593 33229
1398265425 33229
1398265460 33370
1398268479 33370
1398271735 33372
1398278671 33374
1398282984 33374
1398373748 33374
1398434861 33379
1398437720 33369
1398452325 33419
1398697019 33369
1398699790 33369
1398715690 33379
1398716189 33427
1398718090 33370
1398721841 33411
1398786192 33517
1398797186 33396
1398799360 33395
1398800327 33395
1399305448 33518
1399315892 33518
1399315910 33518
1399316102 33518
1399387116 33552
1399388283 33553
1399389375 33548
1399564137 33550
1399584541 33628
1399666061 33550
1399905905 33550
1399991114 33628
1400187820 33584
1400189261 33628
1400529215 33628
1401293283 33585
1401296335 33585
1401386785 33656
1401390657 38123
1402341065 33656
1402342238 33647
1402428124 33447
1402431333 31671
1402511788 31658
1402512041 31702
1402595862 31702
1402952995 31707
1403192924 31703
1403206094 31702
1403280442 31712
1403535284 31712
1403541811 31712
1403556668 37775
1403636781 32324
1403637528 32324
1403724192 32348
1403732386 32348
1404142813 32485
1404248505 32485
1404915912 32556
1404923241 32557
1404923409 32597
1405002584 32597
1405003854 32460
1405021172 32447
1405023400 32437
1405113290 32444
1405348976 32444
1405361989 32426
1405364123 32427
1405447703 32427
1405540116 32427
1406040988 32491
1406041836 32494
1406052691 32509
1406055617 32518
1406055678 32518
1406133583 38135
1406135037 38142
1406141706 38182
1406225786 32592
1406231654 32592
1406235975 32592
1406237551 38323
1406297884 38189
1406312943 38190
1406325886 38323
1406563924 38323
1406564839 38324
1406670247 38417
1406734781 38430
1406754307 39003
1406819548 38967
1406834212 39008
1407185931 39008
1407255136 39026
1407268137 39027
1408040736 38985
1408138667 38985
1408481183 38985
1408976252 38776
1408976366 38795
1408976476 38795
1408983121 38774
1409078217 38803
1409085031 38904
1409244667 38803
1409253116 38799
1409259944 38952
1409672806 38952
1410206464 38970
1410207080 38970
1410287098 38970
1410551535 38986
1411486906 38988
1411500505 37506
1411585448 37542
1411658801 39023
1412085855 37793
1412093603 37540
1412103242 37532
1412103800 37532
1412106592 37532
1412110451 37540
1412110505 37548
1412110521 37636
1412171582 37633
1412178008 37633
1412182838 37618
1412265983 37618
1412275768 37622
1412278545 38901
1412369691 37624
1412625476 37655
1412715931 37655
1413219611 37710
1413222749 37680
1414522504 37717
1415144579 39453
1415218924 39453
1415219022 39453
1415219888 39521
1415220994 39453
1415319788 39521
1415319862 39523
1415321087 39525
1415395231 39525
1415649515 39510
1415652685 39525
1415717488 39525
1415724534 39530
1415726692 39569
1415728253 39583
1415734870 39579
1415736053 39580
1415738826 39587
1415742817 39330
1415745888 39424
1415823605 39449
1415832007 39456
1416239521 39456
1416245778 39371
1416350686 39407
1416612373 39353
1417464052 39362
1417464390 39365
1417534843 39366
1417549520 39370
1417553492 39374
1417564577 39450
1417640760 39470
1418053512 39468
1418153456 39460
1418165792 39479
1418318204 39435
1418318222 39453
1418318240 39457
1418318297 39458
1418318361 39458
1418318417 39457
1418318440 39458
1418318684 39459
1418332795 39473
1418421690 39463
1418421802 39472
1418746234 39513
1418746500 39589
1418752434 39589
1418755439 39668
1419267181 38831
1419273200 38831
1419279305 38839
1419280770 38839
1419349530 44782
1419356537 39668
1421161999 44782
1421164187 44788
1421170472 44795
1421182429 44797
1421186075 44797
1421333600 44798
1421362394 44779
1421781546 44789
1421794398 44797
1421858140 44801
1421861618 44806
1421865987 44825
1421870518 44825
1421942808 44829
1421965255 44870
1421965286 44971
1421966627 44973
1422288635 44973
1422288804 44980
1422289212 45086
1422289952 45086
1422290748 45087
1422291553 45092
1422310926 44912
1422372141 44913
1422375118 44916
1422384120 44930
1422386950 44976
1422387963 44975
1422463984 45087
1422478361 45077
1422481852 45400
1422544534 45400
1422565449 45400
1422569286 45400
1422569372 45462
1422861179 45460
1422894248 45460
1422894999 45460
1422989658 45455
1423167301 45491
1423585125 45485
1423590234 45486
1423596075 45486
1423603626 45526
1423672020 45526
1423753966 45526
1424114643 45535
1424188717 45545
1424193093 45573
1424201771 45585
1424273633 45626
1424279063 45573
1424280071 45583
1424281679 45583
1424288424 45582
1424288546 45578
1424295016 45561
1424465722 45561
1424466815 45561
1424467415 45513
1424712442 45520
1424716942 45470
1424721680 45470
1424791974 45472
1424796525 45408
1424798803 45408
1424798945 45398
1424803751 45411
1424810387 45407
1424810657 45407
1424816551 45404
1424818066 45404
1424878655 44709
1424884467 44708
1424884849 44692
1424892815 44620
1424898072 44620
1425051573 44620
1425067581 44650
1425067690 44654
1425077014 44652
1425309326 44652
1425313422 44652
1425329531 44652
1425337212 44712
1425342674 44712
1425914337 44729
1425917461 44741
1425999980 44742
1426267700 44756
1426267819 44742
1426273408 44750
1426280545 44750
1426628250 44750
1426778183 44758
1426791438 44773
1426803375 44775
1426804222 44776
1426890119 44830
1427129667 44820
1427133177 44839
1427135813 44841
1427137830 44879
1427139221 44880
1427141290 44875
1427141834 44875
1427206811 44877
1427225995 44876
1427226516 44876
1427228366 44881
1427267795 44947
1427267837 44950
1427349002 44969
1427349639 44969
1427362185 45047
1427362305 45051
1427395905 45062
1427397246 45125
1427426891 45048
1427488267 45125
1427737482 45122
1427789357 45125
1427789410 45121
1427833035 45122
1427917146 45121
1427997681 45119
1428443057 45119
1428513842 45121
1428521668 45125
1428934715 45125
1429112004 45128
1429284766 149403
1429304949 149421
1429310422 149421
1430161064 149399
1430403827 149421
1431109116 149421
1431110062 149421
1431398393 149399
1432310614 149411
1432310966 149411
1432311075 149411
1432311088 149433
1432311100 149433
1432312050 149428
1432831392 149406
1432831427 149422
1432907636 149422
1432929105 149466
1433175771 149485
1433464018 149529
1433464310 149531
1434132785 149531
1434134581 149531
1434138920 149533
1434138982 149533
1434139189 149533
1434376340 149545
1435836687 149545
1435843824 149549
1438269784 150384
1438269918 150389
1438271263 150392
1438273348 152251
1438282294 152251
1438303550 152282
1439397263 152302
1439399146 152308
1441737290 153576
1442267605 153637
1442597513 153639
1442954764 153639
1443031570 153652
1443032056 153652
1443119585 153663
1443711951 153698
1443798856 153702
1449685453 154284
1450283272 154233
1450664183 154246
1450666600 154263
1452027169 154265
1452028386 154621
1452183094 154683
1452187336 154685
1452200566 154623
1452207430 154680
1452207602 154681
1452212539 154686
1452280833 154687
1452793688 154697
1453224499 154685
1453225168 154685
1453230613 154685
1453323055 154702
1453493571 154726
1453825100 156384
1453837575 154740
1453848840 154744
1453925526 156377
1453953447 154750
1454689867 156360
1455057770 156369
1455660753 156306
1455830872 156339
1455831309 156351
1455831437 156357
1455894228 156452
1455897059 156443
1456110772 156456
1456266997 156459
1456267705 156460
1456269047 156605
1456506668 156631
1456806554 156638
1457141043 156642
1457452520 156649
1457488422 156653
1457563999 156644
1457644085 156703
1457644884 156584
1457646092 156584
1457987370 156584
1457991490 156585
1458004818 156598
1458593314 156579
1458765547 156626
1458914088 156633
1458991612 156647
1459133960 156654
1459460054 156769
1460047216 156668
1460047380 156743
1460047618 156648
1460048151 156717
1460139004 156741
1460375644 156631
1460380408 156724
1460407428 156809
1460569764 156808
1461074070 156812
1461088939 156845
1461270656 156841
1461354039 156851
1461551595 156851
1461552637 156866
1462227334 156969
1463152815 156866
1463157617 156866
1463451445 156883
1463451804 156894
1463680867 156936
1463758054 156950
1464031184 156958
1464096601 156962
1464208709 156962
1464237088 156987
1464237194 157011
1464293889 157011
1464295374 157060
1464793340 157056
1464880180 157060
1464895801 157079
1464902654 157087
1465311054 157066
1465319220 157093
1465424498 157079
1465579984 157178
1466648922 157087
1466649684 157091
1466650102 157136
1466701155 157153
1466735347 157161
1466736165 157178
1468155394 157205
1468157480 157197
1468165073 157266
1468180054 157205
1468292316 157277
1468876762 157279
1468876920 157281
1469121939 157286
1469157573 157293
1469552934 157290
1469582493 157286
1469589171 157294
1469640240 157298
1469723242 157300
1469725928 157320
1469780404 157326
1470170333 157580
1474481833 157557
1475506438 157326
1475508328 157330
1475605531 157455
1475759454 157568
1476301940 157568
1477074882 157650
1477416361 157650
1477421556 157568
1477427877 157592
1477433230 157658
1477694191 157660
1477939269 157641
1477941012 157686
1478115005 157686
1478288605 157709
1478551645 157709
1478792001 157715
1478814382 157715
1478816505 157715
1478878515 157732
1479419832 157733
1479846967 157735
1480530088 157735
1481670500 157763
1481690952 157763
1482181507 157763
1482197738 157746
1482336682 157763
1482340119 157742
1482353511 157742
1482359008 157758
1483123305 157813
1483455272 157793
1483730714 157814
1484242207 157818
1484342644 157813
1484684949 157818
1484772851 157815
1485089850 171230
1485465543 157823
1485542019 170002
1485799035 157829
1485877540 170006
1485877851 170005
1485877920 169997
1485878121 169997
1486146025 169997
1486412376 170003
1486499625 170035
1486755546 170035
1487109340 170035
1487277883 171223
1487616326 171230
1487694924 171286
1487783266 171225
1487884337 171242
1487946215 171221
1487965862 171307
1487966474 171360
1487966964 171360
1488313813 171371
1488406636 171390
1488407109 171434
1488409193 171438
1488560599 171442
1488773682 171520
1488814084 171520
1488815988 171536
1489686589 171540
1489688881 171540
1490023066 171540
1490035644 171546
1490041875 171546
1490113585 171546
1490120437 171546
1490128257 171556
1490645760 171554
1490725467 171567
1491336954 171567
1491341896 171575
1492026512 169947
1492107919 169948
1492108901 169979
1492435237 169979
1492435982 169979
1492454272 169990
1493052262 170079
1493153070 170105
1493407521 170112
1493412286 170118
